%YAML:1.0
---
KeyStamp1622121806308931540:
   stamp: 1.6221218063089316e+09
   x: -5.7419347054832315e-16
   y: 4.1633363423443370e-17
   z: 0.
   qx: 0.
   qy: 0.
   qz: -1.3877787807814454e-17
   qw: 1.
KeyStamp1622121812867304090:
   stamp: 1.6221218128673041e+09
   x: 3.0565077129434859e-01
   y: -1.9680631636595104e-02
   z: 0.
   qx: 0.
   qy: 0.
   qz: -4.1607730661760008e-05
   qw: 9.9999999913439830e-01
KeyStamp1622121821960678045:
   stamp: 1.6221218219606781e+09
   x: 5.7933529605146061e-01
   y: 1.3154053407764865e-01
   z: 0.
   qx: 0.
   qy: 0.
   qz: 3.9354419397792206e-01
   qw: 9.1930569854987165e-01
KeyStamp1622121825592484033:
   stamp: 1.6221218255924840e+09
   x: 7.8269864855412097e-01
   y: 3.6111934183878619e-01
   z: 0.
   qx: 0.
   qy: 0.
   qz: 4.4708112867283994e-01
   qw: 8.9449341215272204e-01
KeyStamp1622121827295411585:
   stamp: 1.6221218272954116e+09
   x: 9.8180368071197621e-01
   y: 5.9760784187123239e-01
   z: 0.
   qx: 0.
   qy: 0.
   qz: 4.4320330910639716e-01
   qw: 8.9642112134707053e-01
KeyStamp1622121830650445802:
   stamp: 1.6221218306504457e+09
   x: 1.1718477588147296e+00
   y: 8.3125839178499572e-01
   z: 0.
   qx: 0.
   qy: 0.
   qz: 4.4050649818659499e-01
   qw: 8.9774942219718712e-01
KeyStamp1622121834230502936:
   stamp: 1.6221218342305028e+09
   x: 1.3662686449939274e+00
   y: 1.0613751008924246e+00
   z: 0.
   qx: 0.
   qy: 0.
   qz: 5.2816867410107471e-01
   qw: 8.4913947717575389e-01
KeyStamp1622121835958851685:
   stamp: 1.6221218359588516e+09
   x: 1.5163459572011624e+00
   y: 1.3291093271662324e+00
   z: 0.
   qx: 0.
   qy: 0.
   qz: 5.2521007746942927e-01
   qw: 8.5097260503764516e-01
KeyStamp1622121840816860121:
   stamp: 1.6221218408168602e+09
   x: 1.5654150351606280e+00
   y: 1.6294240662982031e+00
   z: 0.
   qx: 0.
   qy: 0.
   qz: 7.7347239865626460e-01
   qw: 6.3382998392070755e-01
KeyStamp1622121842418948454:
   stamp: 1.6221218424189484e+09
   x: 1.5161954590189841e+00
   y: 1.9270846560817085e+00
   z: 0.
   qx: 0.
   qy: 0.
   qz: 7.7249525627799631e-01
   qw: 6.3502053433569572e-01
KeyStamp1622121849685543399:
   stamp: 1.6221218496855433e+09
   x: 1.2930198815664598e+00
   y: 1.9720577414024831e+00
   z: 0.
   qx: 0.
   qy: 0.
   qz: 9.9341120509576486e-01
   qw: -1.1460443966173459e-01
KeyStamp1622121856772703761:
   stamp: 1.6221218567727036e+09
   x: 1.0925966283506903e+00
   y: 1.7460822960701639e+00
   z: 0.
   qx: 0.
   qy: 0.
   qz: -8.4965904685617732e-01
   qw: 5.2733244172481186e-01
KeyStamp1622121858425300479:
   stamp: 1.6221218584253006e+09
   x: 9.4617334322368918e-01
   y: 1.4805538232464932e+00
   z: 0.
   qx: 0.
   qy: 0.
   qz: -8.4990251006354134e-01
   qw: 5.2693996184355951e-01
KeyStamp1622121860027717718:
   stamp: 1.6221218600277178e+09
   x: 7.9716373288081699e-01
   y: 1.2159163769276944e+00
   z: 0.
   qx: 0.
   qy: 0.
   qz: -8.4989545602728700e-01
   qw: 5.2695133914259051e-01
KeyStamp1622121867564644434:
   stamp: 1.6221218675646443e+09
   x: 6.3445288382232878e-01
   y: 9.5716915753852916e-01
   z: 0.
   qx: 0.
   qy: 0.
   qz: 8.9672284545379832e-01
   qw: -4.4259251963995438e-01
KeyStamp1622121869217779694:
   stamp: 1.6221218692177796e+09
   x: 4.4214235692697579e-01
   y: 7.2606717489866301e-01
   z: 0.
   qx: 0.
   qy: 0.
   qz: 8.9879271876186329e-01
   qw: -4.3837386863345079e-01
KeyStamp1622121870870860683:
   stamp: 1.6221218708708606e+09
   x: 2.4174799798576813e-01
   y: 4.9479333924154983e-01
   z: 0.
   qx: 0.
   qy: 0.
   qz: 8.9965285858040400e-01
   qw: -4.3660592534699688e-01
KeyStamp1622121872523822713:
   stamp: 1.6221218725238228e+09
   x: 4.2302835426000551e-02
   y: 2.6056053043839539e-01
   z: 0.
   qx: 0.
   qy: 0.
   qz: 9.0018447545346525e-01
   qw: -4.3550879457545927e-01
KeyStamp1622121878379711565:
   stamp: 1.6221218783797116e+09
   x: -1.2706644179516971e-01
   y: 6.9298357774917996e-02
   z: 0.
   qx: 0.
   qy: 0.
   qz: 9.4281296372406331e-01
   qw: 3.3332223963283369e-01
KeyStamp1622121881107281877:
   stamp: 1.6221218811072819e+09
   x: -1.1969418255284112e-01
   y: 5.5308314695653032e-02
   z: 0.
   qx: 0.
   qy: 0.
   qz: 4.2600259993139394e-01
   qw: 9.0472193786361377e-01
KeyStamp1622121883811475209:
   stamp: 1.6221218838114753e+09
   x: -1.2662027131945230e-01
   y: 4.6392435755030430e-02
   z: 0.
   qx: 0.
   qy: 0.
   qz: -3.3890611241437174e-01
   qw: 9.4082019906471881e-01
KeyStamp1622121892307786195:
   stamp: 1.6221218923077862e+09
   x: -3.3906721396880377e-02
   y: -1.6309462226608018e-01
   z: 0.
   qx: 0.
   qy: 0.
   qz: 4.2900780439110059e-01
   qw: 9.0330078255890323e-01
KeyStamp1622121896362993694:
   stamp: 1.6221218963629937e+09
   x: -1.7037006639100122e-01
   y: 1.0791658390572326e-01
   z: 0.
   qx: 0.
   qy: 0.
   qz: 8.6677101516772226e-01
   qw: 4.9870633369260137e-01
