%YAML:1.0
---
KeyStamp1622121806308931540:
   stamp: 1.6221218063089316e+09
   x: -5.7419347054832315e-16
   y: 4.1633363423443370e-17
   z: 0.
   qx: 0.
   qy: 0.
   qz: -1.3877787807814454e-17
   qw: 1.
KeyStamp1622121812867304090:
   stamp: 1.6221218128673041e+09
   x: 3.0649407035213155e-01
   y: -2.0629194721402996e-02
   z: 0.
   qx: 0.
   qy: 0.
   qz: 3.0774637922041614e-05
   qw: 9.9999999952646079e-01
KeyStamp1622121821910496326:
   stamp: 1.6221218219104962e+09
   x: 5.7166473471145229e-01
   y: 1.2443973940154596e-01
   z: 0.
   qx: 0.
   qy: 0.
   qz: 3.9331198081811364e-01
   qw: 9.1940507163324481e-01
KeyStamp1622121825516903252:
   stamp: 1.6221218255169032e+09
   x: 7.7508123819768127e-01
   y: 3.4748894171872774e-01
   z: 0.
   qx: 0.
   qy: 0.
   qz: 4.4848819008257046e-01
   qw: 8.9378875768072874e-01
KeyStamp1622121827195237522:
   stamp: 1.6221218271952376e+09
   x: 9.6974972826765038e-01
   y: 5.8097067193596175e-01
   z: 0.
   qx: 0.
   qy: 0.
   qz: 4.4436359375762269e-01
   qw: 8.9584652510505991e-01
KeyStamp1622121830550345594:
   stamp: 1.6221218305503457e+09
   x: 1.1635031905332471e+00
   y: 8.1399364503044203e-01
   z: 0.
   qx: 0.
   qy: 0.
   qz: 4.4357132651086051e-01
   qw: 8.9623907429736394e-01
KeyStamp1622121833630406322:
   stamp: 1.6221218336304064e+09
   x: 1.3608406049038415e+00
   y: 1.0404021291558649e+00
   z: 0.
   qx: 0.
   qy: 0.
   qz: 5.3016919622355330e-01
   qw: 8.4789187009645972e-01
KeyStamp1622121835808524133:
   stamp: 1.6221218358085241e+09
   x: 1.5093313484572854e+00
   y: 1.3102802331955410e+00
   z: 0.
   qx: 0.
   qy: 0.
   qz: 5.3010330273898898e-01
   qw: 8.4793306836401661e-01
KeyStamp1622121840666768507:
   stamp: 1.6221218406667686e+09
   x: 1.5696083589183489e+00
   y: 1.6111314451594614e+00
   z: 0.
   qx: 0.
   qy: 0.
   qz: 7.7811260117523973e-01
   qw: 6.2812481235205375e-01
KeyStamp1622121842268697933:
   stamp: 1.6221218422686980e+09
   x: 1.5164155325578816e+00
   y: 1.9090095075388238e+00
   z: 0.
   qx: 0.
   qy: 0.
   qz: 7.7707584676792718e-01
   qw: 6.2940696561915277e-01
KeyStamp1622121849585192982:
   stamp: 1.6221218495851929e+09
   x: 1.2838621882781400e+00
   y: 1.9848121146733322e+00
   z: 0.
   qx: 0.
   qy: 0.
   qz: 9.9452920385164978e-01
   qw: -1.0445890429352492e-01
KeyStamp1622121856772703761:
   stamp: 1.6221218567727036e+09
   x: 1.0843759734206726e+00
   y: 1.7533222278140093e+00
   z: 0.
   qx: 0.
   qy: 0.
   qz: -8.4536586215387166e-01
   qw: 5.3418775641607663e-01
KeyStamp1622121858425300479:
   stamp: 1.6221218584253006e+09
   x: 9.4301493430765659e-01
   y: 1.4852030147222004e+00
   z: 0.
   qx: 0.
   qy: 0.
   qz: -8.4578026940685080e-01
   qw: 5.3353138228418706e-01
KeyStamp1622121860053175426:
   stamp: 1.6221218600531754e+09
   x: 7.9535258541910292e-01
   y: 1.2128518489547833e+00
   z: 0.
   qx: 0.
   qy: 0.
   qz: -8.4613054829276191e-01
   qw: 5.3297569855087246e-01
KeyStamp1622121867564644434:
   stamp: 1.6221218675646443e+09
   x: 6.3722011777339449e-01
   y: 9.5520230225274483e-01
   z: 0.
   qx: 0.
   qy: 0.
   qz: 8.9389357586756801e-01
   qw: -4.4827923777785256e-01
KeyStamp1622121869217779694:
   stamp: 1.6221218692177796e+09
   x: 4.4566710915428726e-01
   y: 7.1974579953392992e-01
   z: 0.
   qx: 0.
   qy: 0.
   qz: 8.9580062426391971e-01
   qw: -4.4445611883331282e-01
KeyStamp1622121870870860683:
   stamp: 1.6221218708708606e+09
   x: 2.4856267794468276e-01
   y: 4.8493306394828578e-01
   z: 0.
   qx: 0.
   qy: 0.
   qz: 8.9706042855435641e-01
   qw: -4.4190789483994802e-01
KeyStamp1622121872498256984:
   stamp: 1.6221218724982569e+09
   x: 5.4125909451578691e-02
   y: 2.5039823909952452e-01
   z: 0.
   qx: 0.
   qy: 0.
   qz: 8.9824058512884630e-01
   qw: -4.3950409694039028e-01
KeyStamp1622121878379711565:
   stamp: 1.6221218783797116e+09
   x: -1.1527606886869059e-01
   y: 5.3176920466528554e-02
   z: 0.
   qx: 0.
   qy: 0.
   qz: 9.4459741307381206e-01
   qw: 3.2823120999420868e-01
KeyStamp1622121881107281877:
   stamp: 1.6221218811072819e+09
   x: -1.0703860725647960e-01
   y: 4.1951746056552996e-02
   z: 0.
   qx: 0.
   qy: 0.
   qz: 4.3032501618255159e-01
   qw: 9.0267401671228309e-01
KeyStamp1622121883837066407:
   stamp: 1.6221218838370664e+09
   x: -1.1238638199474678e-01
   y: 3.7076744773627039e-02
   z: 0.
   qx: 0.
   qy: 0.
   qz: -3.4302604133444448e-01
   qw: 9.3932589390819010e-01
KeyStamp1622121892282223331:
   stamp: 1.6221218922822232e+09
   x: -1.4157779105304764e-02
   y: -1.6498707853609063e-01
   z: 0.
   qx: 0.
   qy: 0.
   qz: 4.2438134522658594e-01
   qw: 9.0548355800846747e-01
KeyStamp1622121896362993694:
   stamp: 1.6221218963629937e+09
   x: -1.4992031316360827e-01
   y: 1.0507307585980395e-01
   z: 0.
   qx: 0.
   qy: 0.
   qz: 8.6858355699988832e-01
   qw: 4.9554273731881304e-01
