%YAML:1.0
---
KeyStamp1622431450714567474:
   stamp: 1.6224314507145674e+09
   x: -5.7419347054832315e-16
   y: 4.1633363423443370e-17
   z: 0.
   qx: 0.
   qy: 0.
   qz: -1.3877787807814454e-17
   qw: 1.
KeyStamp1622431457245636181:
   stamp: 1.6224314572456362e+09
   x: 3.0185526407063257e-01
   y: -1.9849709341111185e-02
   z: 0.
   qx: 0.
   qy: 0.
   qz: 1.6386098853131612e-04
   qw: 9.9999998657478817e-01
KeyStamp1622431466360006672:
   stamp: 1.6224314663600066e+09
   x: 5.7024865786503820e-01
   y: 1.3100174714998081e-01
   z: 0.
   qx: 0.
   qy: 0.
   qz: 3.9171316288061753e-01
   qw: 9.2008738608137797e-01
KeyStamp1622431469965354339:
   stamp: 1.6224314699653544e+09
   x: 7.7415837113158126e-01
   y: 3.5383422802079983e-01
   z: 0.
   qx: 0.
   qy: 0.
   qz: 4.4621961239858227e-01
   qw: 8.9492349254607184e-01
KeyStamp1622431471653454160:
   stamp: 1.6224314716534541e+09
   x: 9.6809231223499514e-01
   y: 5.8639738532365238e-01
   z: 0.
   qx: 0.
   qy: 0.
   qz: 4.4230613756919163e-01
   qw: 8.9686413724076597e-01
KeyStamp1622431475022055731:
   stamp: 1.6224314750220556e+09
   x: 1.1657865365658133e+00
   y: 8.2179835465196771e-01
   z: 0.
   qx: 0.
   qy: 0.
   qz: 4.4009747052571913e-01
   qw: 8.9795000776037848e-01
KeyStamp1622431478639585142:
   stamp: 1.6224314786395853e+09
   x: 1.3592203520981783e+00
   y: 1.0538755467544079e+00
   z: 0.
   qx: 0.
   qy: 0.
   qz: 5.2625892990759626e-01
   qw: 8.5032437263229821e-01
KeyStamp1622431480295960672:
   stamp: 1.6224314802959607e+09
   x: 1.5068108830294529e+00
   y: 1.3166795499217812e+00
   z: 0.
   qx: 0.
   qy: 0.
   qz: 5.2564420440082071e-01
   qw: 8.5070451414097259e-01
KeyStamp1622431485162857042:
   stamp: 1.6224314851628571e+09
   x: 1.5647331994691596e+00
   y: 1.6238892426854139e+00
   z: 0.
   qx: 0.
   qy: 0.
   qz: 7.7498671144696629e-01
   qw: 6.3197752893644599e-01
KeyStamp1622431486777580391:
   stamp: 1.6224314867775805e+09
   x: 1.5140494105191344e+00
   y: 1.9233675436012132e+00
   z: 0.
   qx: 0.
   qy: 0.
   qz: 7.7425408215511293e-01
   qw: 6.3287488199970776e-01
KeyStamp1622431494035002152:
   stamp: 1.6224314940350022e+09
   x: 1.2882292114906757e+00
   y: 1.9818316297173928e+00
   z: 0.
   qx: 0.
   qy: 0.
   qz: 9.9445701780481155e-01
   qw: -1.0514390015003576e-01
KeyStamp1622431501148977734:
   stamp: 1.6224315011489778e+09
   x: 1.0907493081652007e+00
   y: 1.7546929602928381e+00
   z: 0.
   qx: 0.
   qy: 0.
   qz: -8.4827188501326467e-01
   qw: 5.2956095881026122e-01
KeyStamp1622431502811999732:
   stamp: 1.6224315028119998e+09
   x: 9.4288453264763483e-01
   y: 1.4869018225987711e+00
   z: 0.
   qx: 0.
   qy: 0.
   qz: -8.4797537626045250e-01
   qw: 5.3003562262921966e-01
KeyStamp1622431504438602947:
   stamp: 1.6224315044386029e+09
   x: 7.9499774911036858e-01
   y: 1.2155454910155170e+00
   z: 0.
   qx: 0.
   qy: 0.
   qz: -8.4801268886115377e-01
   qw: 5.2997592353849110e-01
KeyStamp1622431511978683952:
   stamp: 1.6224315119786839e+09
   x: 6.3589317963588554e-01
   y: 9.5423889885105373e-01
   z: 0.
   qx: 0.
   qy: 0.
   qz: 8.9563731514344136e-01
   qw: -4.4478511634568896e-01
KeyStamp1622431513654999543:
   stamp: 1.6224315136549995e+09
   x: 4.4365127129748133e-01
   y: 7.2173249771782755e-01
   z: 0.
   qx: 0.
   qy: 0.
   qz: 8.9753740016501149e-01
   qw: -4.4093833503680796e-01
KeyStamp1622431515273439839:
   stamp: 1.6224315152734399e+09
   x: 2.4148661313497433e-01
   y: 4.8742408754149735e-01
   z: 0.
   qx: 0.
   qy: 0.
   qz: 8.9800456771639525e-01
   qw: -4.3998613200928322e-01
KeyStamp1622431516924566623:
   stamp: 1.6224315169245665e+09
   x: 4.3013035573588571e-02
   y: 2.5029619039702772e-01
   z: 0.
   qx: 0.
   qy: 0.
   qz: 8.9853886606036082e-01
   qw: -4.3889395778360984e-01
KeyStamp1622431522798822583:
   stamp: 1.6224315227988226e+09
   x: -1.2950184275215901e-01
   y: 5.2707073110359035e-02
   z: 0.
   qx: 0.
   qy: 0.
   qz: 9.4482168119068199e-01
   qw: 3.2758508933102193e-01
KeyStamp1622431525508282373:
   stamp: 1.6224315255082824e+09
   x: -1.2076662446701145e-01
   y: 4.1702123564736425e-02
   z: 0.
   qx: 0.
   qy: 0.
   qz: 4.3116590704419527e-01
   qw: 9.0227266422227193e-01
KeyStamp1622431528273106564:
   stamp: 1.6224315282731066e+09
   x: -1.2523212134969791e-01
   y: 3.5229223589181402e-02
   z: 0.
   qx: 0.
   qy: 0.
   qz: -3.4689362006459057e-01
   qw: 9.3790448146838690e-01
KeyStamp1622431536687369291:
   stamp: 1.6224315366873693e+09
   x: -2.5701468715086440e-02
   y: -1.7087494161545347e-01
   z: 0.
   qx: 0.
   qy: 0.
   qz: 4.2825700202272948e-01
   qw: 9.0365698150266294e-01
KeyStamp1622431540739917478:
   stamp: 1.6224315407399175e+09
   x: -1.6408903287055576e-01
   y: 9.6405142467274482e-02
   z: 0.
   qx: 0.
   qy: 0.
   qz: 8.6982880967820631e-01
   qw: 4.9335366812642106e-01
